chr3	168599506	169099506	4
chr3	195599506	196099506	14
chr8	34579881	35079881	4
chr8	37079881	37579881	8
chr8	89079881	89579881	5
chr8	97079881	97579881	4
chr8	101079881	101579881	6
chr8	109079881	109579881	5
chr8	114579881	115079881	5
chr8	125579881	126079881	12
chr8	126079881	126579881	19
chr8	126579881	127079881	20
chr8	127079881	127579881	15
chr8	127579881	128079881	21
chr8	128079881	128579881	19
chr8	128579881	129079881	6
chr8	129579881	130079881	4
chr20	55537319	56037319	4
chr20	63537319	64037319	9
chr4	1721216	2221216	4
chr17	28933952	29433952	4
chr17	38933952	39433952	4
chr17	39433952	39933952	7
chr7	57750708	58250708	4
chr7	113250708	113750708	4
chr7	158750708	159250708	4
chr10	20734663	21234663	4
chr10	22234663	22734663	6
chr10	102234663	102734663	4
chr1	918051	1418051	4
chr1	33918051	34418051	4
chr1	37418051	37918051	5
chr1	37918051	38418051	4
chr1	38418051	38918051	6
chr1	38918051	39418051	8
chr1	39418051	39918051	14
chr1	39918051	40418051	7
chr1	40418051	40918051	6
chr19	29467076	29967076	4
chr11	66407983	66907983	5
chr11	68407983	68907983	4
chr11	68907983	69407983	5
chr11	69407983	69907983	4
chr11	69907983	70407983	5
chr11	97407983	97907983	7
chr5	441904	941904	9
chr14	34725701	35225701	4
