chr6	18348954	18848954	4
chr3	150099506	150599506	3
chr3	168099506	168599506	4
chr3	195099506	195599506	14
chr8	34079881	34579881	4
chr8	35079881	35579881	3
chr8	36079881	36579881	3
chr8	37079881	37579881	10
chr8	40079881	40579881	4
chr8	42079881	42579881	3
chr8	62079881	62579881	3
chr8	71079881	71579881	3
chr8	74079881	74579881	3
chr8	77079881	77579881	3
chr8	80079881	80579881	5
chr8	87079881	87579881	3
chr8	89079881	89579881	8
chr8	97079881	97579881	5
chr8	98079881	98579881	3
chr8	101079881	101579881	6
chr8	102079881	102579881	3
chr8	103079881	103579881	4
chr8	105079881	105579881	3
chr8	106079881	106579881	4
chr8	109079881	109579881	6
chr8	114079881	114579881	6
chr8	117079881	117579881	3
chr8	122079881	122579881	5
chr8	123079881	123579881	4
chr8	125079881	125579881	13
chr8	126079881	126579881	39
chr8	127079881	127579881	36
chr8	128079881	128579881	25
chr8	129079881	129579881	6
chr8	130079881	130579881	3
chr8	132079881	132579881	3
chr20	33537319	34037319	4
chr20	40537319	41037319	3
chr20	41537319	42037319	3
chr20	46537319	47037319	3
chr20	50537319	51037319	3
chr20	55537319	56037319	4
chr20	62537319	63037319	4
chr20	63537319	64037319	10
chr4	1221216	1721216	5
chr4	52221216	52721216	3
chr4	53221216	53721216	4
chr4	77221216	77721216	3
chr17	12433952	12933952	3
chr17	28433952	28933952	6
chr17	38433952	38933952	7
chr17	39433952	39933952	9
chr17	40433952	40933952	3
chr17	47433952	47933952	3
chr17	48433952	48933952	5
chr17	57433952	57933952	3
chr7	54250708	54750708	5
chr7	57250708	57750708	4
chr7	60250708	60750708	3
chr7	62250708	62750708	3
chr7	113250708	113750708	6
chr7	158250708	158750708	5
chr10	20734663	21234663	4
chr10	21734663	22234663	6
chr10	23734663	24234663	3
chr10	72734663	73234663	3
chr10	101734663	102234663	4
chr10	119734663	120234663	3
chr13	78386549	78886549	3
chr13	93386549	93886549	3
chr1	918051	1418051	4
chr1	30918051	31418051	3
chr1	33918051	34418051	5
chr1	34918051	35418051	3
chr1	35918051	36418051	3
chr1	36918051	37418051	7
chr1	37918051	38418051	10
chr1	38918051	39418051	22
chr1	39918051	40418051	13
chr1	40918051	41418051	3
chr1	120918051	121418051	4
chr1	160918051	161418051	3
chr1	230918051	231418051	3
chr1	242918051	243418051	3
chr12	2895707	3395707	3
chr12	7895707	8395707	3
chr12	23895707	24395707	3
chr12	30895707	31395707	4
chr12	130895707	131395707	3
chr19	20967076	21467076	3
chr19	28967076	29467076	6
chr11	65907983	66407983	5
chr11	66907983	67407983	3
chr11	67907983	68407983	6
chr11	68907983	69407983	9
chr11	69907983	70407983	6
chr11	70907983	71407983	5
chr11	74907983	75407983	4
chr11	78907983	79407983	3
chr11	96907983	97407983	7
chr11	101907983	102407983	3
chr11	102907983	103407983	4
chr5	441904	941904	10
chr5	1441904	1941904	6
chr5	53441904	53941904	3
chr5	127441904	127941904	4
chr5	176441904	176941904	4
chr14	34725701	35225701	4
